3,2
10,214
10,172
10,234
10,124
10,292
10,228
11,11
11,12
11,5
8,13
160,3
160,2
160,1
160,0
137,3
137,2
137,1
137,0
34,3
34,1
33,3
33,1
30,3
30,1
20,3
20,2
20,1
19,3
19,2
19,1
12,3
12,2
12,1
11,30
11,29
11,28
11,27
11,26
11,25
11,24
11,21
11,20
11,19
11,18
11,17
11,16
11,15
11,14
11,13
11,10
11,9
11,7
11,6
11,4
11,3
11,2
11,1
10,297
10,247
10,239
10,237
10,221
10,213
10,212
10,211
10,192
10,191
10,188
10,184
10,182
10,181
10,174
10,171
18,1
10,167
10,164
18,3
10,137
10,115
10,114
10,111
10,104
10,75
10,74
10,65
14,1
10,64
14,3
10,25
10,22
10,19
10,16
13,1
10,3
10,2
13,3
10,1
9,7
9,6
9,5
9,4
9,3
9,2
9,1
8,18
8,17
8,16
8,14
8,12
8,11
8,10
